 step, chi2, energy
           0  0.419052436890619       -1.26414774434689     
           2  0.424402964422331       -1.26414774434689     
           3  0.436275595989837       -1.26414758845782     
           4  0.415854329891135       -1.26414758845782     
           6  0.429499122830312       -1.26420209002800     
           7  0.411542177133248       -1.26420209002800     
           8  0.408883788341594       -1.26359369051762     
          11  0.405383107895251       -1.26352839745008     
          12  0.405840716874982       -1.26257959695963     
          13  0.401793784828860       -1.26257959695963     
          14  0.395136425428624       -1.26229953154539     
          15  0.398736904933891       -1.26229706979715     
          16  0.401377451728625       -1.26229706979715     
          18  0.402104318271876       -1.26260814147118     
          19  0.399154116799285       -1.26260814147118     
          20  0.399857547473021       -1.26260806429080     
          21  0.395465127559223       -1.26123087834089     
          22  0.384283567962079       -1.26076572063642     
          23  0.382954317187071       -1.26076572063642     
          24  0.396656116128074       -1.25995553342196     
          25  0.364734946786670       -1.25989183898155     
          26  0.360593074555586       -1.26011986648425     
          27  0.355057093008918       -1.25961783948617     
          28  0.350506979814673       -1.25871577820717     
          29  0.377352815152898       -1.25883831771520     
          32  0.371413139026561       -1.25883831771520     
          33  0.371706214612039       -1.25883831771520     
          34  0.368697205605149       -1.25883831771520     
          35  0.383568818590976       -1.25883831771520     
          36  0.377979182493034       -1.25883831771520     
          37  0.373231884134748       -1.25884143014749     
          38  0.367429070841126       -1.25884166627358     
          39  0.368004480829553       -1.25883115254916     
          40  0.367998268305232       -1.25875581724521     
          41  0.366792630050887       -1.25836517069584     
          42  0.368140479229003       -1.25836772261522     
          43  0.372155195232830       -1.25836796523669     
          44  0.372294746997015       -1.25866808532140     
          47  0.365859724413951       -1.25815289715926     
          49  0.365618655246862       -1.25816347545538     
          50  0.391948720032559       -1.25819892340746     
          51  0.383959662462612       -1.25819892340746     
          52  0.388245756956923       -1.25819892340746     
          53  0.372112834822639       -1.28489890541786     
          54  0.369670538353901       -1.28489890541786     
          56  0.365274144812561       -1.28489890541786     
          57  0.371767213326902       -1.28488888343175     
          58  0.371597135347464       -1.28488013683221     
          59  0.370097944266914       -1.28488013683221     
          60  0.368708911099097       -1.28488013683221     
          61  0.368629220934369       -1.28499587988242     
          62  0.357066952123001       -1.28499587988242     
          63  0.361045341852975       -1.28656283708719     
          64  0.358738321468489       -1.28656279582244     
          65  0.364238106335860       -1.28654120671443     
          66  0.397676163139599       -1.28642369157229     
          67  0.398816154066142       -1.28654896181363     
          69  0.397983882658232       -1.28654896181363     
          70  0.397812654423730       -1.28654896181363     
          72  0.390511448502511       -1.28672800881740     
          73  0.381893778144366       -1.28672800881740     
          74  0.384199704752084       -1.28672800881740     
          75  0.384022643754514       -1.31234853772017     
          76  0.378843285750792       -1.31234853772017     
          77  0.380899542116564       -1.31234853772017     
          78  0.378025165252978       -1.31234282790086     
          79  0.377944739534609       -1.31234282790086     
          80  0.377898661898484       -1.31234282790086     
          82  0.368763712555751       -1.27803378533094     
          83  0.364368823602324       -1.27803378533094     
          84  0.383307113948662       -1.27803718890899     
          85  0.405787553302917       -1.27803718890899     
          87  0.422767792848691       -1.30291561896984     
          88  0.424919333571910       -1.30291561896984     
          89  0.425888865445444       -1.30352141612615     
          90  0.428855598892691       -1.30352141612615     
          91  0.431449848206216       -1.30349369538136     
          92  0.447643483662059       -1.33855544259915     
          93  0.446479798503817       -1.33855544259915     
          95  0.438544529050969       -1.33842302858829     
          96  0.437919740686960       -1.33842302858829     
          97  0.424383174471866       -1.33842302858829     
          98  0.423145945915722       -1.33818932947440     
          99  0.409549843008592       -1.33818693000537     
         101  0.392923379399838       -1.33818693000537     
         102  0.394034221187326       -1.33737613413578     
         103  0.389888437166070       -1.33737613413578     
         104  0.401431151833946       -1.33743907969732     
         105  0.392061122124208       -1.34991555832900     
         106  0.401494259200523       -1.34991555832900     
         107  0.398256135919028       -1.34991555832900     
         108  0.397249118324717       -1.34991555832900     
         109  0.397132509079642       -1.34991555832900     
         110  0.384857396139006       -1.34994630515575     
         111  0.387185693042489       -1.34995167874373     
         112  0.352969034632826       -1.34995167874373     
         113  0.358232015364858       -1.37846328127079     
         114  0.349028493891271       -1.37846328127079     
         115  0.349800548690725       -1.37846328127079     
         117  0.344709191896946       -1.37848713841194     
         120  0.344592307930614       -1.37848713841194     
         121  0.368147161295658       -1.37310719795716     
         122  0.363451632985698       -1.38337312638760     
         123  0.372206736782127       -1.38337312638760     
         125  0.372289548990525       -1.38336989856683     
         126  0.358515882667400       -1.38329004362608     
         127  0.359753313754239       -1.38329004362608     
         128  0.360593386657901       -1.41268378992875     
         129  0.351442612356567       -1.41268378992875     
         130  0.356119824314287       -1.41268378992875     
         131  0.355897635658904       -1.41268378992875     
         132  0.353498097412876       -1.41268689357317     
         133  0.353984900235787       -1.41275625733229     
         136  0.352664668332148       -1.44253612558047     
         137  0.357107360367437       -1.44253612558047     
         138  0.360438516923094       -1.46692377367081     
         139  0.356756771892074       -1.46692020732623     
         140  0.351400623959772       -1.46598257391881     
         141  0.346984367695574       -1.46595084896454     
         142  0.353737748153025       -1.46595084896454     
         143  0.354496992140754       -1.46589452716020     
         144  0.357787060813911       -1.46595112750163     
         145  0.355597361063585       -1.46595112750163     
         146  0.345931515778655       -1.46193921413177     
         148  0.345896377662139       -1.46193921413177     
         149  0.344783556552635       -1.46193190874198     
         150  0.347599729568160       -1.46007652466114     
         151  0.348161061980967       -1.46007652466114     
         153  0.347833336422224       -1.46007652466114     
         154  0.351627595659966       -1.46007652466114     
         155  0.346029035308108       -1.46009820546859     
         156  0.345206696131192       -1.46009820546859     
         157  0.350176581913436       -1.46009820546859     
         158  0.345881029327747       -1.46009820546859     
         159  0.359759188764657       -1.45942469437917     
         160  0.373714256249428       -1.45949018001556     
         163  0.384787128424580       -1.45949018001556     
         164  0.384172178202684       -1.45943896281414     
         166  0.392283049355622       -1.45670994046407     
         167  0.394875188337023       -1.45670994046407     
         168  0.405578758402261       -1.45670994046407     
         170  0.405746091130526       -1.45670843277222     
         171  0.429926188012982       -1.45670843277222     
         172  0.431160217633203       -1.45670843277222     
         173  0.428274162750950       -1.45679893096288     
         174  0.430495032092670       -1.43312398860088     
         175  0.433521726615965       -1.43312398860088     
         176  0.434745278880385       -1.43308158066028     
         178  0.442152791388750       -1.43307896722586     
         179  0.445071774208945       -1.43246701397957     
         180  0.446429624827153       -1.43246701397957     
         181  0.452103672261540       -1.43246701397957     
         182  0.451500618652004       -1.43275700700589     
         183  0.458825273727474       -1.43275700700589     
         184  0.454202154716197       -1.43268826909554     
         185  0.455130577134684       -1.42913900621426     
         186  0.455661541069669       -1.42913900621426     
         187  0.450151640113420       -1.42913900621426     
         189  0.450795646550102       -1.42794005114299     
         190  0.450842042996830       -1.42795283481097     
         191  0.472055015946553       -1.42750544540393     
         192  0.471944839500630       -1.42710593610238     
         193  0.462422982794448       -1.42712212716922     
         195  0.461202173527069       -1.42560714062972     
         196  0.479784805444959       -1.42560714062972     
         197  0.486997427942409       -1.42568811812462     
         198  0.505543893399718       -1.39317624232708     
         199  0.504765738036723       -1.39317624232708     
         200  0.528757398071702       -1.39320163390575     
         201  0.529321968582513       -1.39320163390575     
         202  0.537180614493227       -1.39320163390575     
         203  0.534267156750996       -1.39324540625780     
         204  0.523764824157362       -1.39352927414271     
         205  0.524311050798479       -1.39361677987453     
         207  0.522435263906899       -1.39361677987453     
         208  0.522357869431269       -1.39361677987453     
         209  0.530535770060557       -1.39115749261318     
         210  0.530160893132557       -1.39128013757559     
         211  0.528516482737818       -1.39022875519899     
         212  0.521195887322784       -1.39022875519899     
         213  0.519015329678017       -1.39001925709920     
         214  0.518441731345438       -1.39000848317758     
         215  0.513011732344554       -1.39000530961232     
         216  0.533521314356027       -1.39000530961232     
         217  0.551189662592095       -1.38822100674495     
         218  0.552470728960444       -1.38822100674495     
         219  0.551078421594097       -1.38750069874984     
         220  0.552034166567196       -1.38622320003999     
         221  0.543172927628166       -1.38622320003999     
         222  0.526902404095577       -1.38592747770823     
         223  0.522302258556658       -1.38506955481493     
         224  0.519001834213336       -1.38506955481493     
         225  0.471195776316708       -1.38507479008956     
         226  0.469792241778549       -1.38507479008956     
         227  0.468996009720522       -1.38507479008956     
         228  0.467334401586676       -1.38482571297731     
         229  0.465776935039998       -1.38482571297731     
         230  0.454635650646034       -1.38399231739533     
         233  0.444331793838087       -1.36919872730206     
         235  0.445719746419630       -1.36919872730206     
         236  0.445702063522770       -1.36920093114559     
         237  0.435943236323324       -1.36920093114559     
         238  0.451111983066544       -1.34247334263264     
         239  0.460676283911418       -1.34247334263264     
         240  0.470032961258349       -1.34247334263264     
         241  0.443589187634643       -1.31758561386512     
         242  0.443191158301317       -1.31758561386512     
         244  0.445824184873289       -1.31758463268097     
         245  0.447911061843431       -1.31757959532432     
         246  0.440913597476999       -1.31757959532432     
         247  0.437391291292305       -1.31723498457517     
         248  0.437328126725799       -1.31727734360939     
         249  0.433455033022937       -1.31714320144592     
         250  0.434960426583363       -1.31625815882133     
         253  0.434484538451725       -1.31625815882133     
         254  0.431480116841756       -1.31569710259254     
         255  0.414302830915203       -1.31529428523320     
         257  0.415505372403116       -1.31529428523320     
         259  0.407624197475867       -1.31529428523320     
         260  0.407687600891933       -1.31569194067747     
         261  0.384055537718138       -1.31499012349508     
         262  0.381259246092822       -1.34794797003269     
         263  0.377118168774666       -1.34794797003269     
         264  0.387993075951173       -1.34794797003269     
         265  0.393589350491139       -1.34794851105947     
         266  0.391066354616411       -1.34788378041524     
         268  0.400916492651334       -1.34798638446209     
         269  0.399392108556129       -1.34798638446209     
         270  0.399598690578376       -1.34798638446209     
         271  0.386548837996456       -1.34798638446209     
         272  0.388018664988239       -1.34813043666192     
         274  0.386275700907318       -1.34809757807316     
         275  0.392021371818873       -1.34809757807316     
         277  0.387828075426382       -1.34809757807316     
         278  0.378753247112524       -1.34809757807316     
         279  0.366105305389180       -1.34809757807316     
         280  0.366284324293215       -1.35040115049252     
         281  0.375843660749160       -1.35085421533157     
         282  0.378822329168965       -1.35085421533157     
         283  0.377464605700113       -1.35086516118967     
         284  0.373858165700238       -1.35083433794670     
         285  0.355493067293863       -1.34865352931695     
         287  0.354608788872024       -1.34865352931695     
         288  0.382830086240073       -1.37874378416783     
         289  0.381216950252651       -1.37874189974406     
         290  0.381226691818085       -1.37871934397098     
         291  0.384872072521268       -1.37871934397098     
         292  0.383661667305814       -1.38153263735466     
         293  0.385684332926846       -1.38013994502716     
         294  0.391586210016484       -1.38043868847382     
         295  0.387729667243204       -1.38026284254514     
         296  0.403712830943063       -1.37914034265738     
         298  0.412226976770209       -1.37910210627776     
         299  0.413934901579692       -1.37920641134947     
         300  0.418945330252669       -1.37920641134947     
         301  0.419734228666556       -1.37920641134947     
         302  0.417711655147454       -1.37921030475543     
         303  0.417939598664224       -1.37922952878170     
         304  0.406271783690209       -1.37918971708188     
         305  0.399880815357283       -1.37918971708188     
         306  0.399595032193968       -1.37918971708188     
         307  0.399134491118451       -1.37915259943559     
         308  0.405437679770262       -1.37915259943559     
         309  0.409909509903956       -1.37915259943559     
         310  0.406071523018300       -1.37890290946533     
         311  0.400977135881320       -1.37929474887175     
         312  0.418356154522403       -1.37929474887175     
         313  0.419151136389449       -1.37929474887175     
         314  0.416098471621029       -1.37929474887175     
         316  0.426654238698389       -1.37929474887175     
         317  0.426988426449727       -1.37929474887175     
         318  0.415704400138790       -1.37923614069437     
         319  0.415968041643103       -1.37960762396837     
         320  0.421549427063550       -1.37960451363753     
         321  0.422948238203476       -1.37960451363753     
         322  0.410953049139319       -1.38275380604542     
         323  0.414554290405714       -1.38275380604542     
         324  0.408720620517249       -1.38275380604542     
         325  0.405337384415125       -1.37197272001933     
         326  0.395109764371066       -1.37197272001933     
         327  0.395208771117877       -1.35103585188970     
         328  0.402542260996583       -1.35103585188970     
         329  0.405778723074320       -1.35101462957951     
         330  0.405736566419033       -1.35101462957951     
         331  0.409886732405747       -1.35222267015622     
         332  0.415032258927674       -1.38069537492135     
         333  0.408585939871697       -1.38069537492135     
         334  0.406079660301612       -1.38069482930960     
         335  0.416518268989184       -1.38069482930960     
         336  0.448650578512392       -1.38069482930960     
         338  0.453996085509836       -1.38069482930960     
         339  0.450791390044179       -1.38078361272048     
         340  0.467278543694821       -1.38021320085495     
         341  0.438326333445258       -1.38021320085495     
         342  0.447554850207080       -1.37875801764238     
         343  0.449556424138379       -1.37440929294397     
         344  0.449700474600803       -1.37440929294397     
         345  0.457291272418263       -1.37450173516304     
         346  0.452845904527980       -1.37417173404724     
         347  0.450310642807064       -1.37417173404724     
         348  0.444749063121391       -1.37415601294010     
         349  0.437725895172694       -1.37411398249559     
         350  0.423855221021744       -1.38126572756431     
         351  0.435853942041816       -1.38126572756431     
         352  0.440035643701673       -1.38126572756431     
         354  0.443019172646073       -1.38126158886231     
         355  0.443001997143239       -1.38124804943800     
         356  0.452061133466085       -1.38124804943800     
         357  0.451039238405414       -1.38124666783290     
         359  0.440711342651770       -1.38132462153832     
         360  0.435229254456138       -1.38132462153832     
         361  0.438224717895457       -1.38132462153832     
         362  0.432485569735946       -1.38132462153832     
         363  0.431703323978665       -1.38132462153832     
         364  0.431941482025991       -1.38132462153832     
         365  0.433017595720229       -1.38132462153832     
         366  0.431189993769029       -1.38132579490925     
         367  0.437194020411813       -1.38132579490925     
         368  0.424618157883984       -1.38143381992212     
         370  0.421170463092432       -1.38143381992212     
         371  0.424788699250573       -1.37992622168400     
         372  0.428264010248277       -1.37992012443451     
         373  0.422595273021957       -1.37520662198464     
         374  0.411140157832714       -1.37520662198464     
         375  0.411400386107707       -1.37521923065950     
         376  0.409502306675174       -1.37516271475798     
         377  0.408261293945681       -1.37681987021978     
         378  0.401844311722080       -1.37681987021978     
         379  0.402050670292895       -1.37664034102972     
         380  0.412651535665699       -1.37664034102972     
         381  0.411349001105793       -1.37664034102972     
         382  0.426936952784436       -1.40000741279278     
         383  0.427546663163204       -1.40000741279278     
         384  0.428754441471356       -1.40000741279278     
         385  0.422763387059460       -1.40000741279278     
         386  0.421048007628874       -1.40000662838037     
         387  0.420983624678304       -1.40002702233883     
         388  0.420928259147128       -1.40002702233883     
         389  0.423052676583855       -1.40002702233883     
         390  0.425435023978648       -1.40098278128948     
         391  0.432012551158309       -1.40098278128948     
         392  0.432556042428458       -1.40098278128948     
         393  0.428758208373100       -1.41685719157641     
         394  0.432559252228697       -1.41685719157641     
         395  0.463748176683594       -1.41685719157641     
         396  0.466655249570087       -1.41685719157641     
         397  0.463929598632810       -1.41702101723506     
         398  0.469212003029854       -1.41702101723506     
         399  0.467690888590635       -1.41705755144358     
         401  0.467373721595377       -1.41726747288918     
         402  0.469248588161406       -1.41513068572833     
         403  0.470739765365776       -1.41513068572833     
         404  0.470579830007334       -1.41513068572833     
         406  0.468892129900455       -1.41504253045871     
         407  0.474124452698108       -1.41504253045871     
         408  0.474739873528058       -1.41325766325761     
         409  0.473230352612578       -1.41325766325761     
         410  0.478052754207281       -1.41325766325761     
         412  0.476791457026399       -1.41305206391292     
         413  0.475057340439384       -1.41305206391292     
         414  0.498563619374202       -1.41305273255477     
         415  0.484213849680695       -1.38464509199063     
         416  0.500594589262075       -1.38464509199063     
         417  0.508071315186416       -1.38469262134570     
         418  0.509459875845531       -1.38475644722199     
         419  0.516280520029312       -1.38483541172284     
         420  0.502990492971147       -1.38511569110247     
         421  0.505683680370236       -1.38511569110247     
         422  0.507564966858164       -1.38538099290469     
         423  0.502908890329034       -1.38538099290469     
         424  0.515218849016255       -1.38538099290469     
         425  0.530700497646151       -1.38546353865128     
         427  0.493241930741063       -1.38155877723908     
         429  0.480785245590638       -1.38155877723908     
         430  0.480750972270636       -1.38155877723908     
         431  0.484583958542874       -1.38155877723908     
         432  0.490946333073805       -1.38155349840720     
         433  0.492770761387732       -1.38155349840720     
         434  0.503364374006509       -1.39351055102471     
         435  0.502568049713750       -1.39351055102471     
         436  0.485656179903913       -1.39351055102471     
         437  0.486061681418888       -1.39349086926534     
         438  0.477393088755228       -1.39364642210496     
         439  0.473547413239586       -1.39259254168241     
         440  0.475867161964832       -1.39259254168241     
         441  0.475883541664525       -1.42261096300223     
         442  0.464551913760041       -1.42261096300223     
         443  0.466768535372393       -1.42261096300223     
         444  0.461600641817603       -1.42260724000442     
         445  0.458479815810449       -1.42310756597763     
         446  0.458387533919851       -1.42310756597763     
         447  0.455212975182499       -1.42310267839676     
         448  0.455465140098900       -1.42310267839676     
         449  0.454760831275123       -1.42621086652462     
         451  0.446738988884046       -1.42620547765341     
         452  0.446212957107998       -1.42610737337516     
         453  0.442996364364885       -1.41424983395980     
         455  0.421404048037250       -1.39842269130242     
         456  0.423145036086419       -1.39842269130242     
         457  0.433780267393053       -1.39841926785616     
         459  0.445291775800475       -1.39843029318712     
         460  0.447693057399755       -1.39843029318712     
         461  0.438744989750239       -1.39844994055919     
         462  0.449976467388685       -1.39844994055919     
         463  0.451263011293412       -1.39843206184033     
         464  0.452184911008078       -1.39841984747312     
         465  0.474304781242786       -1.39782062287514     
         466  0.456724267877079       -1.39782062287514     
         468  0.462945199342324       -1.39782062287514     
         469  0.458462230070285       -1.39782357865419     
         470  0.455995599714014       -1.39782357865419     
         471  0.449061444371157       -1.42594663378520     
         472  0.466615404579997       -1.42594663378520     
         473  0.477841805789343       -1.42594785644458     
         474  0.465533861008332       -1.42594785644458     
         475  0.464061373780973       -1.42434246073931     
         476  0.465685210480185       -1.42434246073931     
         477  0.470237841395133       -1.42434246073931     
         478  0.469918130622689       -1.42438116096533     
         479  0.467689352820058       -1.42438116096533     
         480  0.470615640917035       -1.42379983533651     
         481  0.464934449286538       -1.42379983533651     
         483  0.471445577754333       -1.42381440943632     
         484  0.470650768076654       -1.42381440943632     
         485  0.464126108466303       -1.42391376273754     
         486  0.454826963950486       -1.42391376273754     
         487  0.457402519680035       -1.42391376273754     
         488  0.457718860197303       -1.42391376273754     
         489  0.457282906008217       -1.42358117187634     
         490  0.440569579499077       -1.42358117187634     
         491  0.428917252878774       -1.42358117187634     
         492  0.434555113872672       -1.42358117187634     
         493  0.433455779041229       -1.42358117187634     
         494  0.434948360442828       -1.42358117187634     
         495  0.439549790274551       -1.42358117187634     
         496  0.441884261423142       -1.42328254993145     
         497  0.445221799259779       -1.42328998140800     
         498  0.418291945974894       -1.42328998140800     
         499  0.416461994928430       -1.42329004139472     
         500  0.415873775233424       -1.42056711018085     
         503  0.420860128215894       -1.42057173488996     
         506  0.406104651081134       -1.41737730801105     
         507  0.412282059454118       -1.41737193442308     
         508  0.405299022232121       -1.41337337230261     
         509  0.407983922563604       -1.41347577308233     
         510  0.417167668207545       -1.41316821082280     
         512  0.416885705346984       -1.41084340959787     
         513  0.414422220636520       -1.41084340959787     
         514  0.428841330382566       -1.41098411323933     
         515  0.430530027502105       -1.41098411323933     
         516  0.427817263286356       -1.41150649522360     
         517  0.421627589034206       -1.41150649522360     
         519  0.422182947701798       -1.41150649522360     
         520  0.422187274282224       -1.41172914531751     
         522  0.425752518910927       -1.41136784335742     
         523  0.402868696620758       -1.41136784335742     
         524  0.401071475938481       -1.41180134182557     
         525  0.400281569367913       -1.41180134182557     
         526  0.403533885834986       -1.44011862327655     
         527  0.417293025572255       -1.44011862327655     
         528  0.430939869063062       -1.44011862327655     
         529  0.433627604506972       -1.44075320183467     
         530  0.430309635055056       -1.44075320183467     
         531  0.431711245856939       -1.44036574948293     
         532  0.435549409103898       -1.44036574948293     
         533  0.418349253639004       -1.44036574948293     
         534  0.421656127724354       -1.44036574948293     
         535  0.421754073196196       -1.44000865117862     
         536  0.421823866462220       -1.44001427541176     
         537  0.419367159930532       -1.40922628113857     
         539  0.413091561686403       -1.39815363555382     
         540  0.429386958200746       -1.42419423010105     
         542  0.424841426214093       -1.42419423010105     
         543  0.427396639448958       -1.42419499999438     
         544  0.424497866275058       -1.42420160846832     
         545  0.422547191063469       -1.42420160846832     
         546  0.403925600488994       -1.42407727317932     
         547  0.404898087406085       -1.42407727317932     
         548  0.405310712844064       -1.42457917179817     
         549  0.403869730188418       -1.42457917179817     
         551  0.403674048783788       -1.42414839833211     
         552  0.402710907724810       -1.42414839833211     
         553  0.408647180413387       -1.42414839833211     
         554  0.406108856951042       -1.42412466078233     
         555  0.394827671791498       -1.42797920719171     
         557  0.386405688197310       -1.42797920719171     
         558  0.387473010163363       -1.42389987752988     
         559  0.359529360406404       -1.42389987752988     
         560  0.350150297949328       -1.42389987752988     
         561  0.348042134821724       -1.42187931789802     
         562  0.349168414736941       -1.42187931789802     
         564  0.349273436186301       -1.42462077698646     
         565  0.354457485317815       -1.45137362506909     
         566  0.355153875665412       -1.45137362506909     
         568  0.355079178554330       -1.45135202984779     
         569  0.369525343259374       -1.45139800795378     
         571  0.377211349788307       -1.45139800795378     
         572  0.371505235877962       -1.45140144668328     
         573  0.375296589981318       -1.45134117874580     
         574  0.372112946201724       -1.45134117874580     
         575  0.346998233751820       -1.45134577709131     
         577  0.357359273856485       -1.45255417949878     
         579  0.342825300166110       -1.45255417949878     
         581  0.336451242389929       -1.45255417949878     
         582  0.342366110725292       -1.44640648727998     
         583  0.343098094059947       -1.42489902312175     
         585  0.343993975555532       -1.42489902312175     
         586  0.337690035339162       -1.42489902312175     
         587  0.322368299510642       -1.42489902312175     
         588  0.318766387944320       -1.42489902312175     
         589  0.317139955134523       -1.42489902312175     
         590  0.319028460090402       -1.42478448133438     
         591  0.318779171701784       -1.43935117526696     
         592  0.309541947798294       -1.43935117526696     
         594  0.312143032429228       -1.43933882182225     
         596  0.318088731147842       -1.43933882182225     
         597  0.303290536166058       -1.44171696652969     
         598  0.304574344248850       -1.44171696652969     
         599  0.320579408925628       -1.44227538105005     
         601  0.309620679446448       -1.44261617595569     
         602  0.313334411082688       -1.44261617595569     
         603  0.308310661924425       -1.44253020771803     
         604  0.307833252977532       -1.41597765053694     
         606  0.310635577918121       -1.41597633006481     
         607  0.306951743179254       -1.41597536110725     
         608  0.313336394057560       -1.41597536110725     
         609  0.297674192613961       -1.41597536110725     
         610  0.302629018804430       -1.41597536110725     
         611  0.276319864565678       -1.41597096870343     
         612  0.275571154953452       -1.41597096870343     
         613  0.271776179139219       -1.41555353292288     
         614  0.275666996917200       -1.41449608080662     
         615  0.265580732037227       -1.41393506698883     
         616  0.265540578970780       -1.41347465511316     
         617  0.277714327637769       -1.41347465511316     
         618  0.281059609191343       -1.41347428220205     
         619  0.279920648800982       -1.41319463172784     
         620  0.301247171250741       -1.41319463172784     
         621  0.295174365536111       -1.41338543078074     
         623  0.319206108642989       -1.41333138121244     
         624  0.317593288307998       -1.41340051343044     
         625  0.320395508786989       -1.41464588141594     
         626  0.320802870711839       -1.41464588141594     
         627  0.330272732758047       -1.41205584869171     
         628  0.330909394209169       -1.42456472321199     
         629  0.330510441411553       -1.43731715128972     
         630  0.350368533180463       -1.43731715128972     
         632  0.350381781829319       -1.43731715128972     
         633  0.349184941029985       -1.43727125112827     
         634  0.352594237366832       -1.43727125112827     
         636  0.340620989602403       -1.46409106770387     
         637  0.329840823260788       -1.48577430825203     
         638  0.347431828567476       -1.48577430825203     
         640  0.329948344967321       -1.48577430825203     
         642  0.331582415122764       -1.48577430825203     
         643  0.312908663194556       -1.48562568941942     
         645  0.315428432739739       -1.48562568941942     
         647  0.317800306994859       -1.47234705873789     
         648  0.322148196985200       -1.46906961634373     
         649  0.335767129629197       -1.46906961634373     
         651  0.336266087468946       -1.48406514238853     
         652  0.319903812129055       -1.48406514238853     
         653  0.340183545312159       -1.48406514238853     
         654  0.347957762578029       -1.48406514238853     
         655  0.346983000802504       -1.48406320676590     
         656  0.352170457053926       -1.48428915880429     
         657  0.349478646359855       -1.48428915880429     
         658  0.330325521606068       -1.48353328097325     
         659  0.330720923324281       -1.48351400880477     
         660  0.326632720650119       -1.48342160632213     
         661  0.340941721539992       -1.48342160632213     
         662  0.349964376024476       -1.48342160632213     
         663  0.353462816716145       -1.48512820765758     
         664  0.353879811148801       -1.50919326012715     
         665  0.349759686455032       -1.50919326012715     
         666  0.354082785256104       -1.50924415638049     
         667  0.355780261634899       -1.50924415638049     
         668  0.351406093736605       -1.50926238928850     
         669  0.356572794237644       -1.50926400396304     
         670  0.337084362828134       -1.50926400396304     
         671  0.333585699488158       -1.50926400396304     
         672  0.340469967603244       -1.50593378700507     
         673  0.340262488133671       -1.51820317655802     
         674  0.323561245800427       -1.48908710919130     
         676  0.323536887394447       -1.47705388317506     
         677  0.320199778045789       -1.47705388317506     
         678  0.327640069054893       -1.44921278284910     
         679  0.328127489619357       -1.44921278284910     
         680  0.320172660728233       -1.44921278284910     
         681  0.322664528365294       -1.44958178221415     
         682  0.326241301992230       -1.46109388787777     
         683  0.325261028467462       -1.46110280412130     
         684  0.327894465335853       -1.46068550130496     
         685  0.336600340937259       -1.46068550130496     
         686  0.332483072855410       -1.46058898495558     
         687  0.329028474401433       -1.46058898495558     
         688  0.324579366443218       -1.46058898495558     
         689  0.324323218395226       -1.46058898495558     
         691  0.322779371476547       -1.46146234411460     
         692  0.322922172456997       -1.46183242171239     
         693  0.331998662958503       -1.46183242171239     
         694  0.337775620920941       -1.46223137890681     
         695  0.335968503295376       -1.46223137890681     
         696  0.333841619142135       -1.46222945283621     
         697  0.332929616126048       -1.46222945283621     
         698  0.338661702448898       -1.46222945283621     
         699  0.335405590669034       -1.46222945283621     
         700  0.336933067624124       -1.46770889101884     
         701  0.313911381384386       -1.46770889101884     
         702  0.337520602141423       -1.46770889101884     
         703  0.335559122385875       -1.46859256617534     
         705  0.357673155726579       -1.46859256617534     
         707  0.380558151538887       -1.46859256617534     
         708  0.364826655481511       -1.48875933809158     
         709  0.354542535333447       -1.48875933809158     
         710  0.355757659628547       -1.48875933809158     
         711  0.356926476570088       -1.48877903819084     
         712  0.356598234738785       -1.48870041851814     
         713  0.358005300488088       -1.48788673411577     
         714  0.358035741536229       -1.48787560562293     
         715  0.355832422532543       -1.48787560562293     
         716  0.344928744269402       -1.48787560562293     
         717  0.345194093461568       -1.48885328991291     
         718  0.349222305201481       -1.45910402864982     
         719  0.363300686665201       -1.45910402864982     
         720  0.372316442168277       -1.45910402864982     
         722  0.369298114612191       -1.45994057449011     
         724  0.366196424731417       -1.45994057449011     
         725  0.366935652503461       -1.45994057449011     
         726  0.377400984503755       -1.45994057449011     
         727  0.390438992939353       -1.45995139502562     
         728  0.384586627328801       -1.45994978111524     
         729  0.392905764054870       -1.46013623361404     
         730  0.394909816422035       -1.46013623361404     
         731  0.394463013264828       -1.48545694408508     
         732  0.398347595954530       -1.48545694408508     
         734  0.399355758901020       -1.48545978065485     
         735  0.388126031160986       -1.48545978065485     
         736  0.360240440540307       -1.48545978065485     
         737  0.362952020783106       -1.48545887435858     
         738  0.381073552106334       -1.48545887435858     
         739  0.382853554757846       -1.48545887435858     
         741  0.387596959370491       -1.48545887435858     
         742  0.408179283222541       -1.48522090090391     
         743  0.409538762844437       -1.48522090090391     
         745  0.411743703528203       -1.48522090090391     
         746  0.413177885316291       -1.48728170742591     
         748  0.416195383833211       -1.48717347685343     
         749  0.414358141576503       -1.48717347685343     
         750  0.405268511694115       -1.48765476678426     
         751  0.408799088007027       -1.45931192602103     
         752  0.410436423629887       -1.45931192602103     
         753  0.406959038118070       -1.45931178732560     
         754  0.400050563576550       -1.45931232376741     
         755  0.401210507282525       -1.45930128773818     
         756  0.414062119213836       -1.45965143140310     
         759  0.414397507677994       -1.45965143140310     
         760  0.424804935995462       -1.45965143140310     
         761  0.424537718720098       -1.45965143140310     
         762  0.423068038723292       -1.45965143140310     
         763  0.423904786289637       -1.45968919705886     
         765  0.424145406713731       -1.45968919705886     
         766  0.429182856835417       -1.45954955025361     
         767  0.429755077534253       -1.45955993445256     
         768  0.428711338634038       -1.45956921596558     
         769  0.429443500366387       -1.45956921596558     
         770  0.437326354318701       -1.45956935657141     
         771  0.433941175453798       -1.45935599754254     
         772  0.420069712215422       -1.45855026501111     
         773  0.420726539453472       -1.45855026501111     
         774  0.409647809189750       -1.45377604606060     
         775  0.408905363935622       -1.45377604606060     
         776  0.408891278109304       -1.45435517663375     
         777  0.408092047884259       -1.46107288679251     
         778  0.396410414308409       -1.46107288679251     
         779  0.394775794615072       -1.46107024279160     
         780  0.394187541000858       -1.46107024279160     
         781  0.393953426084647       -1.46108517451928     
         783  0.397057369672852       -1.46174816577098     
         784  0.394559905350842       -1.46174816577098     
         786  0.393895664963297       -1.46569282198564     
         787  0.393213323349820       -1.46526132409389     
         788  0.395047445311309       -1.46625791528286     
         789  0.384205688691271       -1.46625791528286     
         790  0.384234379344427       -1.46594680998570     
         791  0.385496179717335       -1.46561035208213     
         792  0.386312657243584       -1.46561035208213     
         793  0.384998328099368       -1.46561856223987     
         794  0.385326851042576       -1.46561856223987     
         795  0.394895024672547       -1.46561856223987     
         796  0.409898081059585       -1.46579897480133     
         797  0.412334780325788       -1.46579185281044     
         798  0.414637842404346       -1.46548006549860     
         800  0.419487472581660       -1.46548420420060     
         801  0.405549696371988       -1.46568987766902     
         803  0.400022040556969       -1.46558453639348     
         804  0.398491239914906       -1.46583481782522     
         805  0.400659142663879       -1.46583481782522     
         806  0.413216299923252       -1.46583481782522     
         807  0.404053860224028       -1.46589940327864     
         808  0.400524544055695       -1.46699536152375     
         809  0.389017431335827       -1.46699536152375     
         811  0.417649240440965       -1.46699536152375     
         813  0.414815224859299       -1.46699536152375     
         814  0.427456621005274       -1.46814027199378     
         816  0.427825579819056       -1.47284565694057     
         817  0.423496289887565       -1.47379461523050     
         818  0.418078032938596       -1.47379461523050     
         819  0.425612646698552       -1.44982176732558     
         821  0.436714792184760       -1.44982176732558     
         822  0.433969621729853       -1.44982176732558     
         823  0.432239691191743       -1.44982176732558     
         824  0.419219560441461       -1.44982176732558     
         825  0.407801832736271       -1.41842980396289     
         826  0.408266191727130       -1.41842980396289     
         827  0.408154322862388       -1.41843527383529     
         828  0.407130755964113       -1.41843527383529     
         829  0.383545501408714       -1.41879813067424     
         830  0.386625178714751       -1.39479459249056     
         831  0.390838117672423       -1.39479459249056     
         832  0.385933762251526       -1.39483907589546     
         834  0.367380289569371       -1.39483995315356     
         835  0.374313929200642       -1.39483995315356     
         836  0.370231845222685       -1.39483995315356     
         837  0.365366859133698       -1.39483995315356     
         838  0.361780654143753       -1.39483995315356     
         839  0.361139663241784       -1.39483995315356     
         840  0.366909976009846       -1.39464990603618     
         841  0.364254664530960       -1.39464990603618     
         842  0.364285250738059       -1.39464990603618     
         843  0.366059301452741       -1.39464990603618     
         844  0.365266682519967       -1.39437554127131     
         845  0.360159921566360       -1.39443899423648     
         846  0.360133234447883       -1.39455337707813     
         847  0.319265143541620       -1.39455337707813     
         848  0.311812330743608       -1.36572852692543     
         849  0.312528586628874       -1.36572852692543     
         850  0.315816072852019       -1.36572852692543     
         851  0.317831547317137       -1.36573224839492     
         852  0.332639661649656       -1.36579903463523     
         854  0.333786028357229       -1.36579903463523     
         855  0.353710607162148       -1.36579281703020     
         856  0.379019784229363       -1.36579281703020     
         857  0.379002861023535       -1.36637271061922     
         858  0.379042209089366       -1.36584019355285     
         859  0.378484804080656       -1.36619298160076     
         860  0.378251718246724       -1.36619298160076     
         861  0.376898116982085       -1.36619298160076     
         862  0.384304337801953       -1.36612824178659     
         863  0.380323271493628       -1.36764982839425     
         864  0.376759256933373       -1.36764094959467     
         865  0.385002503668548       -1.36769681557631     
         867  0.391744732394484       -1.36769681557631     
         869  0.395249730048864       -1.39688315987587     
         870  0.398065373434046       -1.39688315987587     
         871  0.390305335402820       -1.39688315987587     
         872  0.388204040089645       -1.39656321131266     
         873  0.386008635680056       -1.39656321131266     
         875  0.392080426946122       -1.39603476417370     
         876  0.377109034349744       -1.42895288383349     
         877  0.382129442367288       -1.42895288383349     
         878  0.385390515804993       -1.42895288383349     
         879  0.388925874729932       -1.42916286488374     
         880  0.384995500687073       -1.42915426041835     
         881  0.365964274105267       -1.45354860218672     
         882  0.349248642959472       -1.45354860218672     
         883  0.385562112667076       -1.45336548143472     
         884  0.389484011186518       -1.45336548143472     
         886  0.401378316550865       -1.45215770334770     
         887  0.407647358632505       -1.45215770334770     
         888  0.414114325026747       -1.45226422601785     
         889  0.414006052127468       -1.45226422601785     
         890  0.413472499095107       -1.45225755793926     
         891  0.399356420799369       -1.45225755793926     
         892  0.406242846676042       -1.45260575604744     
         894  0.398200331425178       -1.45260581718041     
         895  0.397994563773119       -1.45260112216839     
         896  0.399133705579970       -1.46387520356056     
         898  0.398810191921141       -1.46387520356056     
         899  0.389456171163255       -1.46387520356056     
         900  0.388631646872951       -1.46387785825974     
         901  0.389686330796556       -1.46387785825974     
         903  0.385350196418465       -1.46387785825974     
         904  0.395940378117575       -1.46387785825974     
         905  0.393621845178896       -1.46387785825974     
         906  0.381956349694964       -1.46350811460079     
         907  0.378473236271199       -1.46356890216852     
         908  0.377305489893596       -1.46356890216852     
         909  0.377279769154308       -1.46356890216852     
         910  0.369351557094208       -1.46360335670985     
         911  0.370586702661254       -1.46474606066178     
         912  0.370055675259835       -1.46455565744486     
         913  0.330735748759213       -1.46430937525554     
         914  0.330367428583830       -1.46430937525554     
         915  0.339547707346647       -1.46430651041178     
         916  0.346622178962291       -1.46430651041178     
         917  0.348380759860755       -1.46430604809370     
         918  0.350856204119062       -1.44045225186990     
         919  0.339446479776369       -1.44045225186990     
         920  0.338734223263150       -1.44045225186990     
         921  0.349588977197550       -1.44073890741819     
         922  0.345482724763532       -1.42691125147618     
         923  0.345307455778239       -1.42691125147618     
         924  0.346948776677740       -1.41648999754435     
         925  0.348375408656667       -1.41649286620892     
         926  0.343650837903236       -1.41944300421537     
         927  0.331599977721634       -1.41944098071410     
         928  0.328717356675935       -1.41942243602795     
         929  0.346024036580833       -1.41942697973588     
         930  0.347976051665768       -1.41942695719309     
         931  0.338926075785353       -1.40279974826635     
         933  0.352737899221147       -1.40279974826635     
         934  0.359463650024436       -1.40280556201171     
         935  0.370073746960441       -1.39116655309231     
         936  0.371343321937389       -1.39116655309231     
         937  0.378338138131540       -1.39116655309231     
         938  0.371830287064817       -1.39116655309231     
         939  0.372323673077025       -1.39099755806801     
         940  0.372041949229400       -1.37856808954324     
         941  0.387728129770599       -1.37856808954324     
         943  0.387619809301643       -1.37856808954324     
         944  0.394340807915021       -1.37856808954324     
         945  0.399370588804226       -1.39106061615241     
         946  0.377416850802122       -1.39106061615241     
         948  0.347773965529609       -1.39094213128854     
         949  0.355996100463572       -1.39094213128854     
         950  0.343267712651691       -1.36314404106293     
         951  0.350094287804015       -1.36314404106293     
         952  0.347907068723312       -1.36309282768231     
         954  0.348936544825317       -1.36309282768231     
         955  0.356277477507628       -1.36309282768231     
         956  0.354937585641900       -1.36233759098328     
         957  0.340009505738826       -1.36233759098328     
         958  0.353171002714964       -1.36233759098328     
         959  0.351236775656010       -1.33180765941357     
         960  0.354164226606266       -1.33180765941357     
         962  0.346321311351199       -1.33180765941357     
         963  0.349864225060038       -1.33180765941357     
         964  0.347400674203704       -1.33180765941357     
         965  0.343100423299415       -1.33180765941357     
         966  0.349609557040513       -1.33199009146446     
         967  0.349121833868536       -1.33218155954129     
         968  0.346992814498710       -1.33150169979303     
         969  0.364004723094778       -1.33162740713511     
         970  0.369815951800243       -1.33162740713511     
         971  0.373206661624488       -1.33113721070381     
         972  0.371058592962709       -1.34275563500631     
         973  0.366161902363912       -1.34275563500631     
         975  0.371496229080309       -1.34264346823478     
         976  0.368147529346558       -1.34264346823478     
         978  0.375888112311692       -1.34264346823478     
         979  0.375896575944615       -1.33146398476301     
         980  0.378336678409196       -1.33146398476301     
         981  0.382290281055089       -1.33146398476301     
         982  0.384432939292252       -1.33146398476301     
         984  0.407348035826393       -1.33139361307407     
         985  0.407997826202166       -1.33308818267706     
         986  0.397303870821350       -1.33308818267706     
         987  0.396952880334617       -1.33357197332841     
         988  0.396892765305196       -1.33357197332841     
         989  0.392538585506540       -1.33360033596937     
         990  0.392101702513446       -1.33360385417174     
         991  0.397679211977017       -1.33235779385536     
         992  0.395057152118996       -1.33235779385536     
         993  0.420704699487212       -1.33235779385536     
         994  0.426430754714528       -1.33261229346196     
         995  0.429687438402026       -1.33263307255812     
         996  0.436627809271120       -1.33263307255812     
         997  0.428939810669636       -1.33263307255812     
         998  0.427628151886465       -1.33323293484938     
         999  0.438890806087791       -1.33464886152591     
        1000  0.437019569742220       -1.33464886152591     
        1001  0.406936020821599       -1.33464886152591     
