  0.289166000000000       9.226620431276356E-002
  0.294622000000000       9.097765794056789E-002
  0.300078000000000       8.827893138798326E-002
  0.305534000000000       8.451040744477512E-002
  0.310990000000000       8.149401586850091E-002
  0.316446000000000       8.020159326130005E-002
  0.321902000000000       8.042149314571967E-002
  0.327358000000000       8.162909710864930E-002
  0.332814000000000       8.309093551374080E-002
  0.338270000000000       8.586518945099142E-002
  0.343726000000000       9.014437874668535E-002
  0.349182000000000       9.594666569430577E-002
  0.354638000000000       0.102777258992132     
  0.360094000000000       0.109792056806350     
  0.365550000000000       0.115622642237135     
  0.371006000000000       0.119227791019856     
  0.376462000000000       0.119412438000495     
  0.381918000000000       0.116380806865724     
  0.387374000000000       0.111597900579543     
  0.392830000000000       0.104943831807918     
  0.398286000000000       9.819821405019602E-002
  0.403742000000000       9.152283528104332E-002
  0.409198000000000       8.585233378289758E-002
  0.414654000000000       8.108350740642534E-002
  0.420110000000000       7.735018761214474E-002
  0.425566000000000       7.413259999900679E-002
  0.431022000000000       7.139028116621815E-002
  0.436478000000000       6.854975898910531E-002
  0.441934000000000       6.541881981377196E-002
  0.447390000000000       6.205101133654556E-002
  0.452846000000000       5.845022072613770E-002
  0.458301000000000       5.506903812697583E-002
  0.463757000000000       5.208559114214961E-002
  0.469213000000000       4.983744058299311E-002
  0.474669000000000       4.859533294676033E-002
  0.480125000000000       4.829018968119136E-002
  0.485581000000000       4.875695490253018E-002
  0.491037000000000       4.987649266084748E-002
  0.496493000000000       5.145945270604724E-002
  0.501949000000000       5.305124387081550E-002
  0.507405000000000       5.488774416342412E-002
  0.512861000000000       5.647046956815505E-002
  0.518317000000000       5.822133718120215E-002
  0.523773000000000       5.970396317781335E-002
  0.529229000000000       6.090964329044968E-002
  0.534685000000000       6.163527092780141E-002
  0.540141000000000       6.142760741207232E-002
  0.545597000000000       6.012573719531478E-002
  0.551053000000000       5.707925381176127E-002
  0.556509000000000       5.239719741192750E-002
  0.561965000000000       4.670396737562843E-002
  0.567421000000000       4.053755059408704E-002
  0.572877000000000       3.595053650767643E-002
  0.578333000000000       3.419563297446460E-002
  0.583789000000000       3.618691817308317E-002
  0.589245000000000       4.212722846473893E-002
  0.594701000000000       5.119279518163045E-002
  0.600157000000000       6.119246388483313E-002
  0.605613000000000       7.022661170641475E-002
  0.611069000000000       7.635094670045373E-002
  0.616525000000000       7.860515609167740E-002
  0.621981000000000       7.706762660272015E-002
  0.627437000000000       7.253363042935090E-002
  0.632893000000000       6.708710855691513E-002
  0.638348000000000       6.205625289230388E-002
  0.643804000000000       5.857361329184863E-002
  0.649260000000000       5.753880578365633E-002
  0.654716000000000       5.895033753184054E-002
  0.660172000000000       6.217510387400904E-002
  0.665628000000000       6.639516143568391E-002
  0.671084000000000       7.046082446316082E-002
  0.676540000000000       7.403051247254644E-002
  0.681996000000000       7.418018989142894E-002
  0.687452000000000       7.202768935099413E-002
  0.692908000000000       6.708371342353270E-002
  0.698364000000000       5.941853923983320E-002
  0.703820000000000       4.977720012553055E-002
  0.709276000000000       3.951835558435679E-002
  0.714732000000000       3.002963684650362E-002
  0.720188000000000       2.223346178917907E-002
  0.725644000000000       1.730115973035051E-002
  0.731100000000000       1.521477373699720E-002
  0.736556000000000       1.572600653559175E-002
  0.742012000000000       1.816875180114286E-002
  0.747468000000000       2.200668748681411E-002
  0.752924000000000       2.689911732158667E-002
  0.758380000000000       3.278988578885178E-002
  0.763836000000000       3.977985661952688E-002
  0.769292000000000       4.744148454606179E-002
  0.774748000000000       5.501199937627899E-002
  0.780204000000000       6.089702507253625E-002
  0.791116000000000       6.145171603571153E-002
  0.796572000000000       5.467559779685560E-002
  0.802028000000000       4.449996701560144E-002
  0.807484000000000       3.273829054695310E-002
  0.812940000000000       2.191834641709023E-002
  0.818396000000000       1.408766675487172E-002
  0.823851000000000       1.016368830646974E-002
  0.829307000000000       1.003708282004334E-002
  0.834763000000000       1.273904750698729E-002
  0.840219000000000       1.696745968041968E-002
  0.845675000000000       2.160819733745378E-002
