  0.2891660      2.880057645642453E-002
  0.2946220      5.294789380987397E-002
  0.3000780      8.452953818845255E-002
  0.3055340      0.116664505582393     
  0.3109900      0.142375403413160     
  0.3164460      0.158079463744176     
  0.3219020      0.163187830769658     
  0.3273580      0.157944735385583     
  0.3328140      0.144159462063908     
  0.3382700      0.124851374087520     
  0.3437260      0.104377935049758     
  0.3491820      8.577672641622858E-002
  0.3546380      7.289284624215653E-002
  0.3600940      6.643558676455408E-002
  0.3655500      6.609218826975405E-002
  0.3710060      7.054270881953606E-002
  0.3764620      7.768895651930730E-002
  0.3819180      8.582323285029791E-002
  0.3873740      9.431848989697711E-002
  0.3928300      0.102038710473377     
  0.3982860      0.108778485112968     
  0.4037420      0.114415888270965     
  0.4091980      0.118909013877323     
  0.4146540      0.121723381937693     
  0.4201100      0.122729682982594     
  0.4255660      0.121595930031735     
  0.4310220      0.118312558409962     
  0.4364780      0.112576447290005     
  0.4419340      0.104643257690449     
  0.4473900      9.489380054782814E-002
  0.4528460      8.421016489789368E-002
  0.4583010      7.394721460092235E-002
  0.4637570      6.503375727661775E-002
  0.4692130      5.864638587963822E-002
  0.4746690      5.534156334760665E-002
  0.4801250      5.506949789052706E-002
  0.4855810      5.704431227026308E-002
  0.4910370      6.010940086816996E-002
  0.4964930      6.330326658965624E-002
  0.5019490      6.556400219613367E-002
  0.5074050      6.686942396438522E-002
  0.5128610      6.703602990927560E-002
  0.5183170      6.661048323581631E-002
  0.5237730      6.572946678117941E-002
  0.5292290      6.494079430344279E-002
  0.5346850      6.506872143075326E-002
  0.5401410      6.576077325701468E-002
  0.5455970      6.676719065035197E-002
  0.5510530      6.634531684028322E-002
  0.5565090      6.313976799725807E-002
  0.5619650      5.631698477483749E-002
  0.5674210      4.729583947481242E-002
  0.5728770      3.899260456166620E-002
  0.5783330      3.494124022454659E-002
  0.5837890      3.683578833854217E-002
  0.5892450      4.390966752184600E-002
  0.5947010      5.421002865364910E-002
  0.6001570      6.497319581714134E-002
  0.6056130      7.438901806531439E-002
  0.6110690      8.102588468439165E-002
  0.6165250      8.500796484605777E-002
  0.6219810      8.652343576674659E-002
  0.6274370      8.502776695185621E-002
  0.6328930      8.119143226334358E-002
  0.6383480      7.529825070246199E-002
  0.6438040      6.737376311116705E-002
  0.6492600      5.832141493885201E-002
  0.6547160      4.892845985906913E-002
  0.6601720      4.022487275249409E-002
  0.6656280      3.295981398306935E-002
  0.6710840      2.755932458943633E-002
  0.6765400      2.419385262382168E-002
  0.6819960      2.197510984292195E-002
  0.6874520      2.088173953909500E-002
  0.6929080      2.026661534440755E-002
  0.6983640      1.973735487082950E-002
  0.7038200      1.920136106040826E-002
  0.7092760      1.849963279131206E-002
  0.7147320      1.766637947115646E-002
  0.7201880      1.685788660085197E-002
  0.7256440      1.599772534281274E-002
  0.7311000      1.513610384155339E-002
  0.7365560      1.437915201099305E-002
  0.7420120      1.374329423274911E-002
  0.7474680      1.340411791743334E-002
  0.7529240      1.356436826853336E-002
  0.7583800      1.435906772265572E-002
  0.7638360      1.574483165768292E-002
  0.7692920      1.768492849918402E-002
  0.7747480      2.000356715222562E-002
  0.7802040      2.251470227197827E-002
  0.7856600      2.501464284500710E-002
  0.7911160      2.736778787032956E-002
  0.7965720      2.944456165628262E-002
  0.8020280      3.131882966797828E-002
  0.8074840      3.269632808519596E-002
  0.8129400      3.361939484766485E-002
  0.8183960      3.419397951099978E-002
  0.8238510      3.426469267175181E-002
  0.8293070      3.388038363860946E-002
  0.8347630      3.324417809361502E-002
  0.8402190      3.239823652233031E-002
  0.8456750      3.150606167121039E-002
