  0.2891664      5.419668773453457E-002
  0.2946224      5.716986698412252E-002
  0.3000784      6.155087848426488E-002
  0.3055343      6.592331315137123E-002
  0.3109903      6.888085267174882E-002
  0.3164463      7.064802756350441E-002
  0.3219022      7.352779266820364E-002
  0.3273582      7.951182872874951E-002
  0.3328142      8.887541651386832E-002
  0.3382701      0.102403389117778     
  0.3437261      0.119297680897527     
  0.3491821      0.137153962727614     
  0.3546380      0.153684748815744     
  0.3600940      0.168216480969064     
  0.3655500      0.179805525966072     
  0.3710060      0.186861427154159     
  0.3764619      0.189507503708684     
  0.3819179      0.191078793678003     
  0.3873739      0.195749647200471     
  0.3928298      0.204242722367732     
  0.3982858      0.214996596440291     
  0.4037418      0.225829197454712     
  0.4091977      0.234886109635853     
  0.4146537      0.240266174428252     
  0.4201097      0.241242575474720     
  0.4255657      0.236938335720350     
  0.4310216      0.227909552982932     
  0.4364776      0.216382758718935     
  0.4419336      0.205689301889633     
  0.4473895      0.198308798451696     
  0.4528455      0.194160773829399     
  0.4583015      0.190289854460220     
  0.4637575      0.183226036998097     
  0.4692134      0.171692145839485     
  0.4746694      0.157683987152087     
  0.4801254      0.145201084468463     
  0.4855813      0.135778452104397     
  0.4910373      0.128393297306810     
  0.4964933      0.121081605338786     
  0.5019493      0.113093298696740     
  0.5074052      0.105802221783142     
  0.5128612      9.928519388943857E-002
  0.5183172      9.279665500349088E-002
  0.5237731      8.526887312189846E-002
  0.5292291      7.794068199817961E-002
  0.5346851      7.315712159045362E-002
  0.5401410      7.233380086245966E-002
  0.5455970      7.461496066636575E-002
  0.5510530      7.727433628640257E-002
  0.5565090      7.859764909807576E-002
  0.5619649      7.801848449971338E-002
  0.5674209      7.736389698866097E-002
  0.5728769      7.859786939451263E-002
  0.5783328      8.139409781553919E-002
  0.5837888      8.376803812782940E-002
  0.5892448      8.432636561458939E-002
  0.5947008      8.291201681758098E-002
  0.6001567      8.124541123637230E-002
  0.6056127      8.008706043111569E-002
  0.6110687      8.085040791099729E-002
  0.6165246      8.298463506975651E-002
  0.6219806      8.555664484532310E-002
  0.6274366      8.814318724761749E-002
  0.6328925      9.106619292463480E-002
  0.6383485      9.506697045510482E-002
  0.6438044      9.984176287609881E-002
  0.6492604      0.103767960668877     
  0.6547164      0.105991831479817     
  0.6601723      0.106627356684022     
  0.6656283      0.107317894280914     
  0.6710843      0.109386176263522     
  0.6765403      0.117124681763479     
  0.6819962      0.115830020242790     
  0.6874522      0.118140669038651     
  0.6929082      0.120096537324299     
  0.6983641      0.121789492003628     
  0.7038201      0.122392869876284     
  0.7092761      0.120664866088277     
  0.7147321      0.116229629318963     
  0.7201880      0.110286284167957     
  0.7256440      0.104577083762239     
  0.7311000      9.992292988786389E-002
  0.7365559      9.762844651539604E-002
  0.7420119      9.605273687672233E-002
  0.7474679      9.508868177791752E-002
  0.7529238      9.406803982334266E-002
  0.7583798      9.221709293682445E-002
  0.7638358      8.932667808648542E-002
  0.7692918      8.597981033189206E-002
  0.7747477      8.336281833479608E-002
  0.7802037      8.171915605727165E-002
  0.7856597      8.055311506208618E-002
  0.7911156      7.997076640525469E-002
  0.7965716      7.912833345743620E-002
  0.8020276      7.850552441132219E-002
  0.8074836      7.680910318438317E-002
  0.8129395      7.388711785944002E-002
  0.8183955      7.069088200300655E-002
  0.8238515      6.838081089780523E-002
  0.8293074      6.773016830167822E-002
  0.8347634      6.808982882261483E-002
  0.8402194      6.817042533978546E-002
  0.8456753      6.676337410102939E-002
