k, vk experiment, vk error (sdev), vk background
0.30064     0.00656158    0.000527674 0.0
0.30549     0.0064331     0.000381602 0.0
0.310339    0.00654747    0.000393503 0.0
0.315188    0.00624617    0.000409868 0.0
0.320037    0.00588634    0.000501586 0.0
0.324886    0.0061217     0.000495883 0.0
0.329735    0.00610497    0.000447741 0.0
0.334584    0.00611648    0.000355484 0.0
0.339433    0.00614014    0.000361454 0.0
0.344282    0.006336      0.000317443 0.0
0.349131    0.0067703     0.000308744 0.0
0.35398     0.00685562    0.000295543 0.0
0.358829    0.00726871    0.000388754 0.0
0.363678    0.00730269    0.000404786 0.0
0.368527    0.00733432    0.000507728 0.0
0.373376    0.00733137    0.000539907 0.0
0.378225    0.00717115    0.000592816 0.0
0.383074    0.00678232    0.000554997 0.0
0.387923    0.00641373    0.000494567 0.0
0.392772    0.00596842    0.000410789 0.0
0.397621    0.00542693    0.000344451 0.0
0.40247     0.00515167    0.000385044 0.0
0.407319    0.00476105    0.000403362 0.0
0.412168    0.00400901    0.000352109 0.0
0.417017    0.00335159    0.000241881 0.0
0.421866    0.00280468    0.000219978 0.0
0.426716    0.00249793    0.000178612 0.0
0.431565    0.00229118    0.00016991 0.0
0.436414    0.00191229    0.000149255 0.0
0.441263    0.00165025    0.000118946 0.0
0.446112    0.0014898     0.000122451 0.0
0.450961    0.00143384    0.000114334 0.0
0.45581     0.001487      0.000104179 0.0
0.460659    0.00149426    0.000120639 0.0
0.465508    0.00142234    0.000107866 0.0
0.470357    0.00138906    9.4482e-05 0.0
0.475206    0.00126873    8.40366e-05 0.0
0.480055    0.00124312    7.41401e-05 0.0
0.484904    0.00119726    8.67346e-05 0.0
0.489753    0.0012141     7.46161e-05 0.0
0.494602    0.00129492    7.89658e-05 0.0
0.499451    0.00136373    8.08916e-05 0.0
0.5043      0.00140802    0.000115804 0.0
0.509149    0.00158122    0.000158602 0.0
0.513998    0.00158138    0.000151521 0.0
0.518847    0.0015963     0.000125921 0.0
0.523696    0.00167426    0.000112451 0.0
0.528545    0.00166379    0.000110871 0.0
0.533394    0.00174683    0.00012356 0.0
0.538243    0.00179969    0.000133739 0.0
0.543092    0.00179359    0.000123352 0.0
0.547942    0.00183759    0.000127607 0.0
0.552791    0.00184083    0.000131555 0.0
0.55764     0.00178022    0.000124009 0.0
0.562489    0.00183367    0.000122822 0.0
0.567338    0.00176355    0.000112089 0.0
0.572187    0.00175474    0.000106723 0.0
0.577036    0.00166201    9.45931e-05 0.0
0.581885    0.00148156    0.000102521 0.0
0.586734    0.00147309    0.000109458 0.0
0.591583    0.00150019    0.000122795 0.0
0.596432    0.00158822    0.000121773 0.0
0.601281    0.00164094    0.000132214 0.0
0.60613     0.00165039    0.000125057 0.0
0.610979    0.00156602    0.000108816 0.0
0.615828    0.00147787    0.000101522 0.0
0.620677    0.00133849    9.56816e-05 0.0
0.625526    0.00127755    9.03018e-05 0.0
0.630375    0.00123148    9.02605e-05 0.0
0.635224    0.00118912    9.1533e-05 0.0
0.640073    0.00113171    7.95358e-05 0.0
0.644922    0.00109097    7.75619e-05 0.0
0.649771    0.0010579     7.54335e-05 0.0
0.65462     0.000978593   7.31252e-05 0.0
0.659469    0.000936333   7.18368e-05 0.0
0.664318    0.000870154   6.2465e-05 0.0
0.669168    0.000853112   5.69734e-05 0.0
0.674017    0.000842255   5.80183e-05 0.0
0.678866    0.000818697   6.78377e-05 0.0
0.683715    0.000812582   6.51613e-05 0.0
0.688564    0.000832551   6.19424e-05 0.0
0.693413    0.000823075   5.7263e-05 0.0
0.698262    0.000779142   5.69117e-05 0.0
0.703111    0.000783211   5.94622e-05 0.0
0.70796     0.000806671   6.94564e-05 0.0
0.712809    0.000825232   6.58473e-05 0.0
0.717658    0.000785491   5.33657e-05 0.0
0.722507    0.000711956   4.99288e-05 0.0
0.727356    0.000719297   5.09784e-05 0.0
0.732205    0.000672494   4.33145e-05 0.0
0.737054    0.000638805   3.77375e-05 0.0
0.741903    0.000597984   4.1247e-05 0.0
0.746752    0.000567536   4.77164e-05 0.0
0.751601    0.000522847   3.29172e-05 0.0
0.75645     0.00050439    3.17728e-05 0.0
0.761299    0.000519815   4.23314e-05 0.0
0.766148    0.000576263   4.84144e-05 0.0
0.770997    0.000515007   5.04899e-05 0.0
0.775846    0.0005227     4.88285e-05 0.0
0.780695    0.000556809   5.42904e-05 0.0
0.785544    0.000578308   6.06869e-05 0.0
0.790394    0.000602004   6.28603e-05 0.0
0.795243    0.000613713   6.32688e-05 0.0
-1
