k, vk experiment, vk error (sdev), vk background
0.300640    0.00480202  0.000228467  0.0
0.305490    0.00479405  0.000240139  0.0
0.310339    0.0045799   0.000269936  0.0
0.315188    0.00455064  0.000308302  0.0
0.320037    0.00437764  0.000308974  0.0
0.324886    0.00446758  0.000277459  0.0
0.329735    0.00457     0.000243513  0.0
0.334584    0.00462285  0.000252507  0.0
0.339433    0.00446885  0.000275053  0.0
0.344282    0.00453208  0.000279441  0.0
0.349131    0.00452047  0.000256446  0.0
0.35398     0.00450732  0.000238531  0.0
0.358829    0.00458183  0.000238511  0.0
0.363678    0.00455924  0.00024552   0.0
0.368527    0.00492401  0.000280565  0.0
0.373376    0.00526357  0.000326768  0.0
0.378225    0.00529199  0.000347039  0.0
0.383074    0.00530491  0.000376607  0.0
0.387923    0.00552329  0.00039804   0.0
0.392772    0.00549114  0.000379862  0.0
0.397621    0.00551193  0.000397196  0.0
0.40247     0.00530822  0.000351317  0.0
0.407319    0.00558706  0.000377911  0.0
0.412168    0.00608657  0.000404577  0.0
0.417017    0.00662472  0.000460295  0.0
0.421866    0.00697558  0.000456095  0.0
0.426716    0.00701075  0.000454139  0.0
0.431565    0.0073144   0.000497881  0.0
0.436414    0.00740162  0.000469523  0.0
0.441263    0.00751592  0.000444805  0.0
0.446112    0.00787804  0.000531704  0.0
0.450961    0.00785147  0.000471113  0.0
0.45581     0.0077531   0.00045797   0.0
0.460659    0.00725615  0.000425286  0.0
0.465508    0.00679577  0.000414813  0.0
0.470357    0.00641356  0.00039713   0.0
0.475206    0.00600895  0.000366194  0.0
0.480055    0.00593784  0.00036506   0.0
0.484904    0.00596893  0.000369539  0.0
0.489753    0.00581449  0.00037042   0.0
0.494602    0.00555405  0.000286773  0.0
0.499451    0.00535042  0.000338185  0.0
0.5043      0.00507165  0.000290276  0.0
0.509149    0.00450092  0.000259568  0.0
0.513998    0.00403865  0.000224313  0.0
0.518847    0.00364399  0.000172501  0.0
0.523696    0.00339895  0.000154679  0.0
0.528545    0.00325486  0.000148494  0.0
0.533394    0.00279246  0.00013287   0.0
0.538243    0.00268359  0.00013869   0.0
0.543092    0.00245522  0.000144018  0.0
0.547942    0.00231529  0.000137301  0.0
0.552791    0.00215205  0.000125409  0.0
0.55764     0.00215998  0.000106668  0.0
0.562489    0.00211002  0.000122424  0.0
0.567338    0.00201131  0.000134734  0.0
0.572187    0.00190796  0.000132448  0.0
0.577036    0.00190394  0.000128034  0.0
0.581885    0.00178944  0.000124771  0.0
0.586734    0.00170134  9.85679e-05  0.0
0.591583    0.00176352  0.000100434  0.0
0.596432    0.00183527  0.000113374  0.0
0.601281    0.00192418  0.000112177  0.0
0.60613     0.00202115  0.000115854  0.0
0.610979    0.00197845  0.000132587  0.0
0.615828    0.00201941  0.000160191  0.0
0.620677    0.00202951  0.000161128  0.0
0.625526    0.00206349  0.000191809  0.0
0.630375    0.00203384  0.000186334  0.0
0.635224    0.00200416  0.000147102  0.0
0.640073    0.00198682  0.000126757  0.0
0.644922    0.00188451  9.71617e-05  0.0
0.649771    0.0018999   0.000108973  0.0
0.65462     0.00193572  9.87417e-05  0.0
0.659469    0.00209198  0.000100027  0.0
0.664318    0.00214684  0.000100475  0.0
0.669168    0.00221467  0.000119032  0.0
0.674017    0.00223024  0.00011023   0.0
0.678866    0.00228823  0.000120375  0.0
0.683715    0.00226368  0.000126885  0.0
0.688564    0.00226635  0.00015163   0.0
0.693413    0.0022606   0.000137302  0.0
0.698262    0.00225815  0.000146558  0.0
0.703111    0.0023613   0.000157431  0.0
0.70796     0.00234657  0.000154199  0.0
0.712809    0.00233162  0.000154257  0.0
0.717658    0.00242356  0.000161633  0.0
0.722507    0.00237361  0.000154504  0.0
0.727356    0.00238821  0.00015427   0.0
0.732205    0.00238619  0.00015555   0.0
0.737054    0.0022102   0.000154043  0.0
0.741903    0.00219184  0.000130567  0.0
0.746752    0.00221816  0.000150143  0.0
0.751601    0.00223467  0.000150996  0.0
0.75645     0.00225863  0.000145747  0.0
0.761299    0.00229906  0.000165361  0.0
0.766148    0.00228264  0.000156973  0.0
0.770997    0.00225075  0.000147019  0.0
0.775846    0.00223994  0.00014774   0.0
0.780695    0.00235489  0.000172041  0.0
0.785544    0.00236662  0.000189304  0.0
0.790394    0.00233772  0.000182099  0.0
0.795243    0.00224726  0.000154201  0.0
-1
