k, vk experiment, vk error (sdev), vk background
0.28916641  0.003633846 0.000288868 0.0
0.29462238  0.003532897 0.000330993 0.0
0.30007835  0.003405151 0.000369405 0.0
0.30553432  0.003375356 0.000422021 0.0
0.31099029  0.003499025 0.000468403 0.0
0.31644626  0.003396005 0.000516588 0.0
0.32190223  0.003304207 0.0005061 0.0
0.3273582   0.003277135 0.000514504 0.0
0.33281417  0.003029776 0.000561723 0.0
0.33827014  0.003135065 0.000579727 0.0
0.34372611  0.00314412  0.000560292 0.0
0.34918208  0.003341461 0.000521946 0.0
0.35463805  0.003549962 0.000526711 0.0
0.36009402  0.003541157 0.000517694 0.0
0.36554999  0.004296798 0.00050632 0.0
0.37100596  0.004947712 0.000501798 0.0
0.37646193  0.0059402   0.000524748 0.0
0.3819179   0.006282464 0.000494566 0.0
0.38737387  0.006593672 0.00047298 0.0
0.39282984  0.007212172 0.000506928 0.0
0.39828581  0.007994848 0.000476271 0.0
0.40374178  0.008618722 0.000478302 0.0
0.40919775  0.009059254 0.000542515 0.0
0.41465372  0.008959987 0.000552389 0.0
0.42010969  0.008586662 0.00048921 0.0
0.42556566  0.008278144 0.000423379 0.0
0.43102163  0.007803557 0.000370517 0.0
0.4364776   0.007600776 0.000366055 0.0
0.44193357  0.007674266 0.00038762 0.0
0.44738954  0.007577905 0.000397215 0.0
0.45284551  0.007512736 0.000422045 0.0
0.45830148  0.006918566 0.000404703 0.0
0.46375745  0.006537538 0.000403026 0.0
0.46921342  0.006258625 0.000364313 0.0
0.47466939  0.00553389  0.000360195 0.0
0.48012536  0.005164776 0.000345522 0.0
0.48558133  0.004551991 0.000336579 0.0
0.4910373   0.004208345 0.000344653 0.0
0.49649327  0.003988976 0.000312255 0.0
0.50194924  0.003600926 0.000280455 0.0
0.50740521  0.003214188 0.000270144 0.0
0.51286118  0.002789308 0.00023546 0.0
0.51831715  0.00251973  0.000235918 0.0
0.52377312  0.002204312 0.000245456 0.0
0.52922909  0.002019309 0.000251367 0.0
0.53468506  0.001821511 0.000275147 0.0
0.54014103  0.001581762 0.000295976 0.0
0.545597    0.001338815 0.000278132 0.0
0.55105297  0.001104063 0.000264382 0.0
0.55650894  0.000884422 0.000282708 0.0
0.56196491  0.00089124  0.000290223 0.0
0.56742088  0.00086161  0.00030357 0.0
0.57287685  0.000773806 0.000319156 0.0
0.57833282  0.000889469 0.000294811 0.0
0.58378879  0.000771434 0.000296717 0.0
0.58924476  0.000747885 0.000308668 0.0
0.59470073  0.000787355 0.000318503 0.0
0.6001567   0.000895406 0.000308538 0.0
0.60561267  0.000974465 0.000297596 0.0
0.61106864  0.001028515 0.000283643 0.0
0.61652461  0.00099406  0.000283244 0.0
0.62198058  0.000950721 0.000284314 0.0
0.62743655  0.000955582 0.000278569 0.0
0.63289252  0.001013439 0.000305576 0.0
0.63834849  0.001018567 0.000283928 0.0
0.64380446  0.000941177 0.000319522 0.0
0.64926043  0.000989256 0.00031524 0.0
0.6547164   0.001051471 0.000294367 0.0
0.66017237  0.001141257 0.000302337 0.0
0.66562834  0.001272725 0.000298778 0.0
0.67108431  0.001455975 0.000275152 0.0
0.67654028  0.001551716 0.000269474 0.0
0.68199625  0.001535559 0.000253794 0.0
0.68745222  0.00160526  0.000240517 0.0
0.69290819  0.001645028 0.000213135 0.0
0.69836416  0.001589591 0.000227265 0.0
0.70382013  0.001588094 0.000255038 0.0
0.7092761   0.00175963  0.000241748 0.0
0.71473207  0.001868044 0.000211377 0.0
0.72018804  0.00186724  0.000200813 0.0
0.72564401  0.001892997 0.000204245 0.0
0.73109998  0.002011757 0.000198798 0.0
0.73655595  0.002156063 0.000181254 0.0
0.74201192  0.00216737  0.000181292 0.0
0.74746789  0.002194506 0.000185477 0.0
0.75292386  0.002321463 0.00016806 0.0
0.75837983  0.002216362 0.000159086 0.0
0.7638358   0.002237342 0.00014388 0.0
0.76929177  0.002145777 0.000135558 0.0
0.77474774  0.001964884 0.000129093 0.0
0.78020371  0.001936766 0.000128873 0.0
0.78565968  0.00213063  0.000121625 0.0
0.79111565  0.001990317 0.000122239 0.0
0.79657162  0.002017831 0.000119385 0.0
0.80202759  0.002066239 0.000115186 0.0
0.80748356  0.001939066 0.00010818 0.0
0.81293953  0.001951393 0.000112623 0.0
0.8183955   0.001896875 0.000117998 0.0
0.82385147  0.001795299 0.00011672 0.0
0.82930744  0.001713791 0.000120517 0.0
0.83476341  0.001594131 0.000108525 0.0
0.84021938  0.001534842 0.000103069 0.0
0.84567535  0.00153123  0.000114927 0.0
-1
