k, vk experiment, vk error (sdev), vk background
0.28916641  0.001833721 0.0003090990    0.0
0.29462238  0.002061549 0.0003652043    0.0
0.30007835  0.00210643  0.0004057023    0.0
0.30553432  0.002192984 0.0004449829    0.0
0.31099029  0.002541729 0.0004450944    0.0
0.31644626  0.002553693 0.0004409971    0.0
0.32190223  0.002436975 0.0004606287    0.0
0.3273582   0.002715402 0.0004784345    0.0
0.33281417  0.003224379 0.0005175649    0.0
0.33827014  0.00381983  0.0005436167    0.0
0.34372611  0.004103998 0.0005621066    0.0
0.34918208  0.00470028  0.0006190437    0.0
0.35463805  0.005485164 0.0007320354    0.0
0.36009402  0.005976623 0.0007841121    0.0
0.36554999  0.006308304 0.0007126133    0.0
0.37100596  0.006370388 0.0006282560    0.0
0.37646193  0.006820848 0.0006029073    0.0
0.3819179   0.00698654  0.0005557144    0.0
0.38737387  0.006774862 0.0005596382    0.0
0.39282984  0.007030061 0.0005984586    0.0
0.39828581  0.007198059 0.0006310416    0.0
0.40374178  0.008018572 0.0006985176    0.0
0.40919775  0.008343305 0.0007235828    0.0
0.41465372  0.00851079  0.0007444805    0.0
0.42010969  0.008373902 0.0007339997    0.0
0.42556566  0.008236681 0.0006980504    0.0
0.43102163  0.008067225 0.0006789747    0.0
0.4364776   0.007551644 0.0006298350    0.0
0.44193357  0.007093048 0.0005895539    0.0
0.44738954  0.006974106 0.0005623665    0.0
0.45284551  0.006748051 0.0005279326    0.0
0.45830148  0.006620013 0.0005114629    0.0
0.46375745  0.006418327 0.0004839091    0.0
0.46921342  0.006127496 0.0004523970    0.0
0.47466939  0.005515398 0.0003864059    0.0
0.48012536  0.00495973  0.0003864168    0.0
0.48558133  0.004860095 0.0004135335    0.0
0.4910373   0.004487847 0.0003954627    0.0
0.49649327  0.004314273 0.0003827081    0.0
0.50194924  0.003880648 0.0003351767    0.0
0.50740521  0.003675093 0.0003423073    0.0
0.51286118  0.003444952 0.0003202363    0.0
0.51831715  0.003306233 0.0002766031    0.0
0.52377312  0.002999333 0.0002757251    0.0
0.52922909  0.002709452 0.0002851552    0.0
0.53468506  0.002535701 0.0002874295    0.0
0.54014103  0.002471413 0.0002747574    0.0
0.545597    0.002656452 0.0002817586    0.0
0.55105297  0.002728991 0.0002589357    0.0
0.55650894  0.002725522 0.0002636877    0.0
0.56196491  0.002661323 0.0002546136    0.0
0.56742088  0.002702725 0.0002535758    0.0
0.57287685  0.002767306 0.0002480721    0.0
0.57833282  0.002808613 0.0002460432    0.0
0.58378879  0.002860867 0.0002625227    0.0
0.58924476  0.003029848 0.0002651805    0.0
0.59470073  0.002953806 0.0002699161    0.0
0.6001567   0.002796008 0.0002767968    0.0
0.60561267  0.002784874 0.0002796344    0.0
0.61106864  0.002865699 0.0002825085    0.0
0.61652461  0.002922728 0.0003044251    0.0
0.62198058  0.003032573 0.0002955425    0.0
0.62743655  0.003043921 0.0002930985    0.0
0.63289252  0.003211912 0.0003142027    0.0
0.63834849  0.00335901  0.0003225800    0.0
0.64380446  0.003524693 0.0003534844    0.0
0.64926043  0.003686725 0.0003454348    0.0
0.6547164   0.003673012 0.0003348151    0.0
0.66017237  0.003797261 0.0003409287    0.0
0.66562834  0.003767068 0.0003294920    0.0
0.67108431  0.003935164 0.0003543807    0.0
0.67654028  0.003964633 0.0003349695    0.0
0.68199625  0.00406822  0.0003460035    0.0
0.68745222  0.004147823 0.0003440373    0.0
0.69290819  0.004194981 0.0003390244    0.0
0.69836416  0.004244386 0.0003388235    0.0
0.70382013  0.004264866 0.0003306463    0.0
0.7092761   0.004280281 0.0003445776    0.0
0.71473207  0.004041774 0.0003378706    0.0
0.72018804  0.003855437 0.0003200820    0.0
0.72564401  0.003759652 0.0003131990    0.0
0.73109998  0.00348524  0.0002922790    0.0
0.73655595  0.003403783 0.0002806766    0.0
0.74201192  0.003367843 0.0002834072    0.0
0.74746789  0.003329268 0.0002981977    0.0
0.75292386  0.003298967 0.0003049409    0.0
0.75837983  0.003184636 0.0002895741    0.0
0.7638358   0.003118176 0.0002769850    0.0
0.76929177  0.003035239 0.0002740086    0.0
0.77474774  0.002936157 0.0002758809    0.0
0.78020371  0.00291971  0.0002700372    0.0
0.78565968  0.002796445 0.0002399404    0.0
0.79111565  0.002702764 0.0002254579    0.0
0.79657162  0.002801599 0.0002257350    0.0
0.80202759  0.002849724 0.0002213910    0.0
0.80748356  0.00263813  0.0002054677    0.0
0.81293953  0.002516693 0.0002032255    0.0
0.8183955   0.002443995 0.0002157366    0.0
0.82385147  0.002437913 0.0002184900    0.0
0.82930744  0.002388926 0.0002183565    0.0
0.83476341  0.002368912 0.0002085027    0.0
0.84021938  0.002367187 0.0001925465    0.0
0.84567535  0.002371741 0.0001946254    0.0
-1
